{"360 Video": {"treemap": {"Tag_List": ["2D", "2D Platformer", "Casual", "Cute", "Design & Illustration", "Documentary", "Education", "Episodic", "Family Friendly", "Game Development", "Indie", "Minimalist", "Point & Click", "Puzzle", "Short", "Singleplayer", "Software Training", "Tutorial", "Utilities", "Web Publishing"], "Game_Count": [1, 1, 1, 1, 1, 1, 1, 1, 1, 1, 1, 1, 1, 1, 1, 1, 1, 1, 1, 1], "Estimated_Income_Median": [9900.0, 9900.0, 9900.0, 9900.0, 9900.0, 9900.0, 9900.0, 9900.0, 9900.0, 9900.0, 9900.0, 9900.0, 9900.0, 9900.0, 9900.0, 9900.0, 9900.0, 9900.0, 9900.0, 9900.0]}, "heatmap": {"tags": ["Casual", "Puzzle", "2D", "2D Platformer", "Cute", "Minimalist", "Indie", "Short", "Point & Click", "Family Friendly", "Education", "Tutorial", "Singleplayer", "Documentary", "Design & Illustration"], "matrix": [[100.0, 100.0, 100.0, 100.0, 100.0, 100.0, 100.0, 100.0, 100.0, 100.0, 100.0, 100.0, 100.0, 100.0, 100.0], [100.0, 100.0, 100.0, 100.0, 100.0, 100.0, 100.0, 100.0, 100.0, 100.0, 100.0, 100.0, 100.0, 100.0, 100.0], [100.0, 100.0, 100.0, 100.0, 100.0, 100.0, 100.0, 100.0, 100.0, 100.0, 100.0, 100.0, 100.0, 100.0, 100.0], [100.0, 100.0, 100.0, 100.0, 100.0, 100.0, 100.0, 100.0, 100.0, 100.0, 100.0, 100.0, 100.0, 100.0, 100.0], [100.0, 100.0, 100.0, 100.0, 100.0, 100.0, 100.0, 100.0, 100.0, 100.0, 100.0, 100.0, 100.0, 100.0, 100.0], [100.0, 100.0, 100.0, 100.0, 100.0, 100.0, 100.0, 100.0, 100.0, 100.0, 100.0, 100.0, 100.0, 100.0, 100.0], [100.0, 100.0, 100.0, 100.0, 100.0, 100.0, 100.0, 100.0, 100.0, 100.0, 100.0, 100.0, 100.0, 100.0, 100.0], [100.0, 100.0, 100.0, 100.0, 100.0, 100.0, 100.0, 100.0, 100.0, 100.0, 100.0, 100.0, 100.0, 100.0, 100.0], [100.0, 100.0, 100.0, 100.0, 100.0, 100.0, 100.0, 100.0, 100.0, 100.0, 100.0, 100.0, 100.0, 100.0, 100.0], [100.0, 100.0, 100.0, 100.0, 100.0, 100.0, 100.0, 100.0, 100.0, 100.0, 100.0, 100.0, 100.0, 100.0, 100.0], [100.0, 100.0, 100.0, 100.0, 100.0, 100.0, 100.0, 100.0, 100.0, 100.0, 100.0, 100.0, 100.0, 100.0, 100.0], [100.0, 100.0, 100.0, 100.0, 100.0, 100.0, 100.0, 100.0, 100.0, 100.0, 100.0, 100.0, 100.0, 100.0, 100.0], [100.0, 100.0, 100.0, 100.0, 100.0, 100.0, 100.0, 100.0, 100.0, 100.0, 100.0, 100.0, 100.0, 100.0, 100.0], [100.0, 100.0, 100.0, 100.0, 100.0, 100.0, 100.0, 100.0, 100.0, 100.0, 100.0, 100.0, 100.0, 100.0, 100.0], [100.0, 100.0, 100.0, 100.0, 100.0, 100.0, 100.0, 100.0, 100.0, 100.0, 100.0, 100.0, 100.0, 100.0, 100.0]]}}, "Accounting": {"treemap": {"Tag_List": ["Utilities", "Education", "Software Training", "Indie", "Casual", "Web Publishing", "Singleplayer", "Software", "Game Development", "Design & Illustration", "VR", "Cute", "Audio Production", "Video Production", "Animation & Modeling", "Photo Editing", "Strategy", "Anime", "Adventure", "Free to Play", "Perma Death", "Horror", "Story Rich", "Minimalist", "Early Access", "Souls-like", "RPG", "Nudity", "Dating Sim", "2D Platformer"], "Game_Count": [10, 9, 9, 6, 6, 6, 5, 5, 5, 5, 4, 4, 4, 4, 4, 4, 3, 3, 3, 3, 3, 3, 2, 2, 2, 2, 2, 2, 2, 2], "Estimated_Income_Median": [4950.0, 0.0, 0.0, 24900.0, 14900.0, 4950.0, 19900.0, 59900.0, 9900.0, 9900.0, 14950.000000000002, 365450.0, 74950.0, 74950.0, 74950.0, 74950.0, 0.0, 479900.0, 711000.0, 0.0, 479900.0, 479900.0, 269950.0, 4950.0, 449250.0, 509900.0, 355500.0, 239950.0, 269950.0, 14900.0]}, "heatmap": {"tags": ["Utilities", "Education", "Software Training", "Indie", "Casual", "Web Publishing", "Design & Illustration", "Game Development", "Software", "Singleplayer", "Video Production", "Photo Editing", "Animation & Modeling", "Audio Production", "Cute"], "matrix": [[69.05835490736169, 65.48961030086876, 69.65627696753543, 64.42333002378258, 64.42333002378258, 67.0813851630631, 60.49766219567573, 66.21194790996144, 63.23833126807104, 71.83351035581519, 50.62207774459466, 50.62207774459466, 50.62207774459466, 50.62207774459466, 73.55579158553137], [65.48961030086876, 69.32409804521669, 69.65627696753543, 63.86249586306157, 64.42333002378258, 60.49766219567573, 60.49766219567573, 66.21194790996144, 74.34944237918215, 71.83351035581519, 50.62207774459466, 50.62207774459466, 50.62207774459466, 50.62207774459466, 73.55579158553137], [69.65627696753543, 69.65627696753543, 73.02780174892038, 63.86249586306157, 63.86249586306157, 67.0813851630631, 60.49766219567573, 66.21194790996144, 78.1908302354399, 73.55579158553137, 50.62207774459466, 50.62207774459466, 50.62207774459466, 50.62207774459466, 73.55579158553137], [64.42333002378258, 63.86249586306157, 63.86249586306157, 62.019441686485486, 61.089996690449254, 63.721423055510655, 63.721423055510655, 63.86249586306157, 61.52416356877323, 73.55579158553137, 45.58213458326598, 45.58213458326598, 45.58213458326598, 45.58213458326598, 73.55579158553137], [64.42333002378258, 64.42333002378258, 63.86249586306157, 61.089996690449254, 62.019441686485486, 63.721423055510655, 63.721423055510655, 63.86249586306157, 61.52416356877323, 71.83351035581519, 45.58213458326598, 45.58213458326598, 45.58213458326598, 45.58213458326598, 73.55579158553137], [67.0813851630631, 60.49766219567573, 67.0813851630631, 63.721423055510655, 63.721423055510655, 67.0813851630631, 60.49766219567573, 66.69350631602323, 56.3816604708798, 78.1908302354399, 50.62207774459466, 50.62207774459466, 50.62207774459466, 50.62207774459466, 78.1908302354399], [60.49766219567573, 60.49766219567573, 60.49766219567573, 63.721423055510655, 63.721423055510655, 60.49766219567573, 60.49766219567573, 66.69350631602323, 56.3816604708798, 78.1908302354399, 50.62207774459466, 50.62207774459466, 50.62207774459466, 50.62207774459466, 78.1908302354399], [66.21194790996144, 66.21194790996144, 66.21194790996144, 63.86249586306157, 63.86249586306157, 66.69350631602323, 66.69350631602323, 66.21194790996144, 56.3816604708798, 73.55579158553137, 55.591341754697645, 55.591341754697645, 55.591341754697645, 55.591341754697645, 73.55579158553137], [63.23833126807104, 74.34944237918215, 78.1908302354399, 61.52416356877323, 61.52416356877323, 56.3816604708798, 56.3816604708798, 56.3816604708798, 77.94299876084263, 61.52416356877323, 56.3816604708798, 56.3816604708798, 56.3816604708798, 56.3816604708798, 56.3816604708798], [71.83351035581519, 71.83351035581519, 73.55579158553137, 73.55579158553137, 71.83351035581519, 78.1908302354399, 78.1908302354399, 73.55579158553137, 61.52416356877323, 76.33205651160252, 56.3816604708798, 56.3816604708798, 56.3816604708798, 56.3816604708798, 78.74840397283647], [50.62207774459466, 50.62207774459466, 50.62207774459466, 45.58213458326598, 45.58213458326598, 50.62207774459466, 50.62207774459466, 55.591341754697645, 56.3816604708798, 56.3816604708798, 50.62207774459466, 50.62207774459466, 50.62207774459466, 50.62207774459466, 56.3816604708798], [50.62207774459466, 50.62207774459466, 50.62207774459466, 45.58213458326598, 45.58213458326598, 50.62207774459466, 50.62207774459466, 55.591341754697645, 56.3816604708798, 56.3816604708798, 50.62207774459466, 50.62207774459466, 50.62207774459466, 50.62207774459466, 56.3816604708798], [50.62207774459466, 50.62207774459466, 50.62207774459466, 45.58213458326598, 45.58213458326598, 50.62207774459466, 50.62207774459466, 55.591341754697645, 56.3816604708798, 56.3816604708798, 50.62207774459466, 50.62207774459466, 50.62207774459466, 50.62207774459466, 56.3816604708798], [50.62207774459466, 50.62207774459466, 50.62207774459466, 45.58213458326598, 45.58213458326598, 50.62207774459466, 50.62207774459466, 55.591341754697645, 56.3816604708798, 56.3816604708798, 50.62207774459466, 50.62207774459466, 50.62207774459466, 50.62207774459466, 56.3816604708798], [73.55579158553137, 73.55579158553137, 73.55579158553137, 73.55579158553137, 73.55579158553137, 78.1908302354399, 78.1908302354399, 73.55579158553137, 56.3816604708798, 78.74840397283647, 56.3816604708798, 56.3816604708798, 56.3816604708798, 56.3816604708798, 78.74840397283647]]}}, "Action": {"treemap": {"Tag_List": ["Indie", "Singleplayer", "Adventure", "Casual", "2D", "3D", "Shooter", "Arcade", "Action-Adventure", "Pixel Graphics", "Atmospheric", "First-Person", "RPG", "Multiplayer", "Platformer", "Combat", "Colorful", "Exploration", "Early Access", "Retro", "Sci-fi", "Strategy", "Fantasy", "Simulation", "Controller", "Horror", "Funny", "Third Person", "FPS", "Cute"], "Game_Count": [20898, 20284, 15990, 11616, 10550, 8981, 8447, 7985, 7545, 7155, 6624, 6592, 6400, 6082, 6046, 5959, 5936, 5547, 5536, 5403, 5123, 4928, 4889, 4882, 4863, 4665, 4626, 4595, 4553, 4254], "Estimated_Income_Median": [34900.0, 46150.0, 48900.0, 29900.000000000004, 34900.0, 43900.0, 49900.0, 38900.0, 44900.0, 34900.0, 49900.0, 55900.0, 59900.0, 67400.0, 38900.0, 39900.0, 39900.0, 55900.0, 59900.0, 38900.0, 59900.0, 49900.0, 49900.0, 49900.0, 45400.0, 49900.0, 44900.0, 59900.0, 59900.0, 39900.0]}, "heatmap": {"tags": ["Indie", "Singleplayer", "Adventure", "Casual", "2D", "3D", "Shooter", "Arcade", "Action-Adventure", "Pixel Graphics", "Atmospheric", "First-Person", "RPG", "Multiplayer", "Platformer"], "matrix": [[74.50723026176405, 77.9839539310931, 72.50172592196425, 75.10242413235706, 82.33969934730804, 74.55459783785352, 75.19496272034286, 80.5432491758601, 76.30444762076954, 82.97629902297813, 74.83229735073105, 72.08341375339211, 70.98367207011032, 75.04966851811994, 81.55938712111278], [77.9839539310931, 77.70298876556177, 76.06358182105473, 77.81055974507275, 82.89788144773487, 74.21935068438555, 76.44584783893269, 81.32278276057622, 76.5172453354859, 84.09336105723608, 76.38718661680663, 73.2964028273799, 75.06384959791909, 76.05749081993825, 83.04512882795238], [72.50172592196425, 76.06358182105473, 73.18876059209433, 72.91951778712718, 80.81455810266614, 71.54197153822317, 72.16959539534544, 77.29487839934235, 75.50163520610988, 81.7917159562765, 75.1572798205496, 70.8233983227437, 71.07560532076813, 72.62354750755789, 81.04357665526855], [75.10242413235706, 77.81055974507275, 72.91951778712718, 75.63033166263803, 81.42083790456361, 75.02354567977221, 75.31594612416966, 79.89239936338949, 76.44555214743762, 81.95162828854414, 75.79374847493314, 71.896969589525, 71.01403021524607, 77.96392326015301, 80.37229587748416], [82.33969934730804, 82.89788144773487, 80.81455810266614, 81.42083790456361, 82.36151214194452, 78.36667975578668, 82.93299565152114, 83.56667155900173, 82.6443176658221, 83.96332367313744, 80.68705553200489, 78.92090615684526, 79.5260102617366, 83.68738529271121, 83.17338618269916], [74.55459783785352, 74.21935068438555, 71.54197153822317, 75.02354567977221, 78.36667975578668, 73.62735487295575, 72.15043065450386, 77.38676261123224, 71.38364391123795, 82.18703131708094, 73.64473286336225, 72.05674430297083, 69.69403314647579, 72.24269362064378, 81.40291823851466], [75.19496272034286, 76.44584783893269, 72.16959539534544, 75.31594612416966, 82.93299565152114, 72.15043065450386, 75.37910873189348, 79.9132161897833, 71.92385508020143, 83.74792810381639, 73.6754975249553, 72.31645455316371, 71.44324914357783, 73.64843262774087, 80.26157558449474], [80.5432491758601, 81.32278276057622, 77.29487839934235, 79.89239936338949, 83.56667155900173, 77.38676261123224, 79.9132161897833, 80.57215756915156, 78.86918275698352, 84.26858880931314, 77.55514202885983, 74.51806590035756, 76.4529960943341, 80.23108161498858, 82.23313592320301], [76.30444762076954, 76.5172453354859, 75.50163520610988, 76.44555214743762, 82.6443176658221, 71.38364391123795, 71.92385508020143, 78.86918275698352, 75.54647866064624, 84.12911994528619, 75.12914359319598, 70.29214666848478, 74.43583475362185, 71.49335015252225, 82.82740252250541], [82.97629902297813, 84.09336105723608, 81.7917159562765, 81.95162828854414, 83.96332367313744, 82.18703131708094, 83.74792810381639, 84.26858880931314, 84.12911994528619, 83.16529097260937, 81.72494770284236, 80.1819927468859, 79.69785844676807, 82.90078755465066, 84.1316958300942], [74.83229735073105, 76.38718661680663, 75.1572798205496, 75.79374847493314, 80.68705553200489, 73.64473286336225, 73.6754975249553, 77.55514202885983, 75.12914359319598, 81.72494770284236, 75.60737080648548, 73.00073241751929, 74.3311003767625, 74.53541737361638, 80.65253957121568], [72.08341375339211, 73.2964028273799, 70.8233983227437, 71.896969589525, 78.92090615684526, 72.05674430297083, 72.31645455316371, 74.51806590035756, 70.29214666848478, 80.1819927468859, 73.00073241751929, 72.0624644906728, 69.15705094164436, 71.42009139518582, 82.53040445749686], [70.98367207011032, 75.06384959791909, 71.07560532076813, 71.01403021524607, 79.5260102617366, 69.69403314647579, 71.44324914357783, 76.4529960943341, 74.43583475362185, 79.69785844676807, 74.3311003767625, 69.15705094164436, 71.8554002388226, 71.24228037711305, 79.40829912888682], [75.04966851811994, 76.05749081993825, 72.62354750755789, 77.96392326015301, 83.68738529271121, 72.24269362064378, 73.64843262774087, 80.23108161498858, 71.49335015252225, 82.90078755465066, 74.53541737361638, 71.42009139518582, 71.24228037711305, 75.07940098421693, 82.79119538562911], [81.55938712111278, 83.04512882795238, 81.04357665526855, 80.37229587748416, 83.17338618269916, 81.40291823851466, 80.26157558449474, 82.23313592320301, 82.82740252250541, 84.1316958300942, 80.65253957121568, 82.53040445749686, 79.40829912888682, 82.79119538562911, 81.8030064449014]]}}, "Adventure": {"treemap": {"Tag_List": ["Singleplayer", "Indie", "Action", "Casual", "2D", "Exploration", "Atmospheric", "Story Rich", "RPG", "Puzzle", "Action-Adventure", "3D", "First-Person", "Horror", "Pixel Graphics", "Fantasy", "Colorful", "Cute", "Simulation", "Platformer", "Strategy", "Mystery", "Funny", "Female Protagonist", "Anime", "Psychological Horror", "Third Person", "Dark", "Retro", "Early Access"], "Game_Count": [20489, 19355, 15865, 12870, 10802, 9496, 9428, 9092, 8789, 7930, 7690, 7652, 6360, 6250, 6178, 6006, 5845, 5519, 5412, 5202, 4855, 4771, 4294, 4280, 3977, 3936, 3889, 3758, 3744, 3742], "Estimated_Income_Median": [49900.0, 39900.0, 44900.0, 39900.0, 42400.0, 50900.0, 49900.0, 69900.0, 55900.0, 49900.0, 44900.0, 41900.00000000001, 49900.0, 49900.0, 37400.0, 59300.0, 47900.0, 49900.0, 44900.0, 34650.0, 49900.0, 55900.0, 49900.0, 74250.0, 71900.0, 47900.0, 59900.0, 49900.0, 39900.0, 69900.0]}, "heatmap": {"tags": ["Singleplayer", "Indie", "Action", "Casual", "2D", "Exploration", "Atmospheric", "Story Rich", "RPG", "Puzzle", "Action-Adventure", "3D", "First-Person", "Horror", "Pixel Graphics"], "matrix": [[77.71594868712805, 77.68477663187493, 76.08144202278196, 77.56322627804057, 81.60871050214311, 77.70646264725639, 77.89677478724792, 80.69058580081776, 76.56494396511238, 79.42475481915329, 76.60190542342721, 73.88999981691475, 73.02149141638765, 75.4458717285469, 83.31571056408626], [77.68477663187493, 74.5313858582174, 72.49604244447862, 74.60193495610002, 81.08949291880019, 77.26140767676151, 77.12310978832889, 80.20633368173968, 73.25060506136269, 78.826408141866, 76.55406240977635, 74.10249693017687, 72.55142904489762, 73.59048310718194, 82.33489436992375], [76.08144202278196, 72.49604244447862, 73.16901044042369, 73.19423528296815, 80.91047472744067, 74.89502697751423, 74.8466300989218, 76.82891560490286, 71.04753471969069, 77.55175244544364, 75.44368602063886, 71.49239863324082, 70.22280709492784, 70.61238788115266, 81.9900040708673], [77.56322627804057, 74.60193495610002, 73.19423528296815, 75.63085567965459, 79.35297719363328, 77.10515475116958, 77.31007806310116, 80.53428791269329, 72.92968628039608, 78.02820743595169, 76.67633164408225, 74.34116837328745, 72.60013480678236, 74.20778939496006, 81.2106814359749], [81.60871050214311, 81.08949291880019, 80.91047472744067, 79.35297719363328, 81.23555007719698, 82.2819388201774, 81.32834559587126, 83.60062119683558, 80.46806556132293, 81.88166494987799, 82.51308785272005, 80.5024263504779, 77.9030805515229, 82.23272655417944, 83.39427301858922], [77.70646264725639, 77.26140767676151, 74.89502697751423, 77.10515475116958, 82.2819388201774, 76.83501851753503, 77.44599432278305, 79.23989681929652, 76.431685025183, 79.0945864019528, 75.70954938850987, 74.1057725867921, 73.0561584999186, 74.32052233661923, 82.66032003059165], [77.89677478724792, 77.12310978832889, 74.8466300989218, 77.31007806310116, 81.32834559587126, 77.44599432278305, 77.31355781363571, 79.96552587618834, 76.84325653818819, 79.04864547497873, 76.00671563422517, 74.49766359872129, 73.68429667820921, 75.6218229726789, 82.97887715521732], [80.69058580081776, 80.20633368173968, 76.82891560490286, 80.53428791269329, 83.60062119683558, 79.23989681929652, 79.96552587618834, 80.34739052494675, 79.62060023810852, 80.59733686573377, 77.72890302153043, 75.98101482550271, 75.64735164120783, 77.9482163142839, 84.3960978797061], [76.56494396511238, 73.25060506136269, 71.04753471969069, 72.92968628039608, 80.46806556132293, 76.431685025183, 76.84325653818819, 79.62060023810852, 73.87205557964278, 78.57983911333454, 74.29175216886905, 69.4292099999073, 69.58654109540713, 74.83753156638198, 80.75452765889519], [79.42475481915329, 78.826408141866, 77.55175244544364, 78.02820743595169, 81.88166494987799, 79.0945864019528, 79.04864547497873, 80.59733686573377, 78.57983911333454, 78.64140708397629, 78.44694066907303, 76.34601703486521, 73.91299491277975, 76.07250673860281, 86.05082572921766], [76.60190542342721, 76.55406240977635, 75.44368602063886, 76.67633164408225, 82.51308785272005, 75.70954938850987, 76.00671563422517, 77.72890302153043, 74.29175216886905, 78.44694066907303, 75.79949180428892, 71.88956421057506, 71.13177727480613, 72.3652166972883, 84.10380135111518], [73.88999981691475, 74.10249693017687, 71.49239863324082, 74.34116837328745, 80.5024263504779, 74.1057725867921, 74.49766359872129, 75.98101482550271, 69.4292099999073, 76.34601703486521, 71.88956421057506, 73.2226392419902, 71.99450395229718, 71.63011725778387, 80.14158160290668], [73.02149141638765, 72.55142904489762, 70.22280709492784, 72.60013480678236, 77.9030805515229, 73.0561584999186, 73.68429667820921, 75.64735164120783, 69.58654109540713, 73.91299491277975, 71.13177727480613, 71.99450395229718, 72.27160472184605, 71.91420862193218, 80.11155123427564], [75.4458717285469, 73.59048310718194, 70.61238788115266, 74.20778939496006, 82.23272655417944, 74.32052233661923, 75.6218229726789, 77.9482163142839, 74.83753156638198, 76.07250673860281, 72.3652166972883, 71.63011725778387, 71.91420862193218, 74.08363302941662, 83.12403779999109], [83.31571056408626, 82.33489436992375, 81.9900040708673, 81.2106814359749, 83.39427301858922, 82.66032003059165, 82.97887715521732, 84.3960978797061, 80.75452765889519, 86.05082572921766, 84.10380135111518, 80.14158160290668, 80.11155123427564, 83.12403779999109, 82.53590938377744]]}}, "Animation & Modeling": {"treemap": {"Tag_List": ["Design & Illustration", "Utilities", "Game Development", "Software", "Video Production", "Education", "Photo Editing", "VR", "Early Access", "Indie", "Software Training", "Casual", "Singleplayer", "Audio Production", "Simulation", "3D", "Anime", "Web Publishing", "2D", "Pixel Graphics", "Cute", "Sandbox", "Character Customization", "Free to Play", "Family Friendly", "Relaxing", "Colorful", "Funny", "Music", "Building"], "Game_Count": [268, 215, 134, 117, 113, 88, 79, 72, 69, 62, 58, 54, 46, 45, 45, 43, 41, 33, 32, 30, 30, 24, 22, 21, 19, 18, 18, 16, 15, 15], "Estimated_Income_Median": [73400.0, 69900.0, 99900.0, 99900.0, 79900.0, 74900.0, 99900.0, 0.0, 39900.0, 46400.0, 114775.0, 32900.0, 139950.0, 149900.0, 64900.0, 49900.0, 49900.0, 89250.0, 64900.0, 113200.0, 40900.0, 107900.0, 99900.0, 0.0, 319900.0, 54900.0, 99900.0, 42900.0, 124900.0, 74900.0]}, "heatmap": {"tags": ["Design & Illustration", "Utilities", "Game Development", "Software", "Video Production", "Education", "Photo Editing", "VR", "Early Access", "Indie", "Software Training", "Casual", "Singleplayer", "Simulation", "Audio Production"], "matrix": [[72.14387925923778, 70.82536889457693, 74.89597329863415, 77.2675638627947, 72.84934898538555, 72.70521756558995, 73.38912095698412, 75.75704235611691, 67.40369571940182, 77.43609852578076, 70.15274899337844, 72.4450311358738, 71.56849737336185, 73.70683812985018, 64.17285974992642], [70.82536889457693, 70.47156705917293, 74.78861224461451, 77.63817844935103, 69.72971257069203, 70.57220578051925, 76.37718932793578, 76.71202347894175, 63.99544452692321, 77.03993073132904, 67.88867029699388, 71.1374937461649, 72.82123567297788, 79.42915706217735, 62.94378448336623], [74.89597329863415, 74.78861224461451, 73.98524345463626, 80.7128548066115, 74.23588647589146, 74.13056389335894, 75.08004299972956, 75.08291749106834, 74.83636733030133, 74.67830056892201, 69.02421987414861, 68.85358743103032, 70.03219553681488, 76.5303975664184, 75.068908121692], [77.2675638627947, 77.63817844935103, 80.7128548066115, 77.75990650609519, 78.55165687424952, 73.82788599632376, 81.85743719022256, 81.27650831528447, 76.55971563287838, 81.42960025757591, 70.7988486177992, 75.73294455286631, 72.44113799367814, 75.74250133452816, 73.34666773881354], [72.84934898538555, 69.72971257069203, 74.23588647589146, 78.55165687424952, 71.41154172552872, 71.46094033690082, 67.8943165938665, 73.50822463976174, 68.76522552526357, 73.73377020069636, 67.14472406556962, 74.34712491483313, 71.0279543944854, 82.61649292940484, 68.53608566449351], [72.70521756558995, 70.57220578051925, 74.13056389335894, 73.82788599632376, 71.46094033690082, 72.92107318890599, 74.65277731901092, 75.65543797084578, 70.60723863858439, 77.41633894818881, 70.04430647763743, 77.76033791469382, 74.31189713999717, 78.56849027993347, 65.83418550763476], [73.38912095698412, 76.37718932793578, 75.08004299972956, 81.85743719022256, 67.8943165938665, 74.65277731901092, 73.05705301262002, 79.96426337889751, 73.49390869286846, 74.70171914483738, 70.011011145035, 72.83031170276791, 72.75877521309471, 91.97069597069597, 67.61511816238492], [75.75704235611691, 76.71202347894175, 75.08291749106834, 81.27650831528447, 73.50822463976174, 75.65543797084578, 79.96426337889751, 75.050966654017, 78.85895038919301, 73.03204926308224, 67.97878567613795, 73.45888411105804, 77.57517877669385, 71.5807468767043, 78.08578146054425], [67.40369571940182, 63.99544452692321, 74.83636733030133, 76.55971563287838, 68.76522552526357, 70.60723863858439, 73.49390869286846, 78.85895038919301, 67.79931016351433, 71.30803495350084, 61.29109947455931, 77.32439107071876, 71.74824023142388, 87.99989516697272, 70.74500677015463], [77.43609852578076, 77.03993073132904, 74.67830056892201, 81.42960025757591, 73.73377020069636, 77.41633894818881, 74.70171914483738, 73.03204926308224, 71.30803495350084, 75.354247013109, 73.39645808324309, 69.39098191998684, 79.22132871364029, 76.22981801286402, 70.31616135927185], [70.15274899337844, 67.88867029699388, 69.02421987414861, 70.7988486177992, 67.14472406556962, 70.04430647763743, 70.011011145035, 67.97878567613795, 61.29109947455931, 73.39645808324309, 69.20982240297717, 65.91556328072173, 71.00738783656125, 78.8614573346117, 58.22324483138392], [72.4450311358738, 71.1374937461649, 68.85358743103032, 75.73294455286631, 74.34712491483313, 77.76033791469382, 72.83031170276791, 73.45888411105804, 77.32439107071876, 69.39098191998684, 65.91556328072173, 71.72864344181532, 67.43165288983303, 75.43236753749795, 63.36382250948036], [71.56849737336185, 72.82123567297788, 70.03219553681488, 72.44113799367814, 71.0279543944854, 74.31189713999717, 72.75877521309471, 77.57517877669385, 71.74824023142388, 79.22132871364029, 71.00738783656125, 67.43165288983303, 72.32860006856859, 71.08283677950512, 65.00933937242017], [73.70683812985018, 79.42915706217735, 76.5303975664184, 75.74250133452816, 82.61649292940484, 78.56849027993347, 91.97069597069597, 71.5807468767043, 87.99989516697272, 76.22981801286402, 78.8614573346117, 75.43236753749795, 71.08283677950512, 72.5409463422791, 81.64039616348387], [64.17285974992642, 62.94378448336623, 75.068908121692, 73.34666773881354, 68.53608566449351, 65.83418550763476, 67.61511816238492, 78.08578146054425, 70.74500677015463, 70.31616135927185, 58.22324483138392, 63.36382250948036, 65.00933937242017, 81.64039616348387, 65.58012531252565]]}}, "Audio Production": {"treemap": {"Tag_List": ["Utilities", "Video Production", "Music", "Software", "Design & Illustration", "Animation & Modeling", "Education", "Indie", "Software Training", "Early Access", "VR", "Singleplayer", "Casual", "Game Development", "Web Publishing", "Photo Editing", "Simulation", "Family Friendly", "Relaxing", "Rhythm", "Electronic Music", "Music-Based Procedural Generation", "Sandbox", "Tutorial", "Multiplayer", "FMV", "Atmospheric", "Beautiful", "Cute", "Anime"], "Game_Count": [115, 76, 58, 56, 53, 46, 46, 38, 33, 28, 27, 25, 25, 24, 23, 22, 20, 16, 13, 12, 11, 10, 10, 10, 9, 9, 9, 9, 9, 8], "Estimated_Income_Median": [69900.0, 99900.0, 55900.0, 97275.0, 47900.0, 134350.0, 84900.0, 37900.0, 143800.0, 54900.0, 49900.0, 143800.0, 19900.0, 59900.0, 262150.0, 146850.0, 38650.0, 349800.0, 39900.0, 44900.0, 39900.0, 39900.0, 54900.0, 349800.0, 349700.0, 349900.0, 23900.0, 439900.0, 27900.0, 62900.0]}, "heatmap": {"tags": ["Utilities", "Video Production", "Music", "Software", "Design & Illustration", "Education", "Animation & Modeling", "Indie", "Software Training", "Early Access", "VR", "Casual", "Singleplayer", "Game Development", "Web Publishing"], "matrix": [[71.81907682671007, 72.32506935936422, 76.04882932130754, 76.1230085192623, 68.63918766238884, 70.54158467334027, 62.04324356893151, 71.22106122534802, 65.75204267425214, 67.92682727988984, 76.73935135388665, 68.11003277784421, 70.03707883206056, 73.33241226602873, 71.86231085637607], [72.32506935936422, 70.02725086433531, 71.1260169139426, 74.92315934702148, 71.35945064499442, 68.92195226560214, 67.44457880607166, 73.43009069896404, 63.40839518615701, 73.21180315709074, 74.39181718709922, 72.93152195418332, 62.752927859968565, 69.13712241078186, 70.58332498621134], [76.04882932130754, 71.1260169139426, 76.13012985520794, 77.4119607801952, 67.14644326068517, 82.6500207415279, 59.04669789168838, 80.33453304346905, 77.55411255411255, 72.84749790701913, 84.35438891947459, 72.95431600699625, 73.90857126181311, 89.36515753042698, 71.42857142857143], [76.1230085192623, 74.92315934702148, 77.4119607801952, 75.20899168331289, 71.24943603518385, 73.46181415348593, 71.4411306815107, 76.14326712458296, 69.27487304439431, 82.0354520436166, 81.265664160401, 74.56281163115756, 67.83161215825108, 82.60832698331515, 72.44096206420409], [68.63918766238884, 71.35945064499442, 67.14644326068517, 71.24943603518385, 70.2400979023043, 67.02208336959404, 63.26319288126599, 78.43885083958882, 63.642388812951154, 69.57369902652262, 78.22148618367038, 68.11304767647017, 68.48481256276195, 75.0551264973536, 69.6927139118321], [70.54158467334027, 68.92195226560214, 82.6500207415279, 73.46181415348593, 67.02208336959404, 72.34376925753732, 64.02316797976721, 72.71055052799927, 68.74670563679487, 70.71946812660724, 81.18470578509564, 74.69739842463812, 68.48855659668457, 69.81298694844764, 66.84429714319413], [62.04324356893151, 67.44457880607166, 59.04669789168838, 71.4411306815107, 63.26319288126599, 64.02316797976721, 64.83761938134359, 70.31616135927185, 56.54834530930689, 70.74500677015463, 78.08578146054425, 63.36382250948036, 63.46141041226611, 72.28347388594845, 62.811634561364485], [71.22106122534802, 73.43009069896404, 80.33453304346905, 76.14326712458296, 78.43885083958882, 72.71055052799927, 70.31616135927185, 74.09184229381445, 63.74863841568222, 73.92617970345354, 86.22066756836193, 71.99746395628569, 74.2122788290047, 73.70242208368387, 63.721423055510655], [65.75204267425214, 63.40839518615701, 77.55411255411255, 69.27487304439431, 63.642388812951154, 68.74670563679487, 56.54834530930689, 63.74863841568222, 67.27819175292761, 65.55195067193762, 67.414343786295, 70.05294548184017, 66.73531558275505, 67.91957664069528, 67.931257737903], [67.92682727988984, 73.21180315709074, 72.84749790701913, 82.0354520436166, 69.57369902652262, 70.71946812660724, 70.74500677015463, 73.92617970345354, 65.55195067193762, 70.76280953630088, 81.55950262206885, 71.82876572199132, 71.31066534711654, 71.31334896951618, 71.1544063943803], [76.73935135388665, 74.39181718709922, 84.35438891947459, 81.265664160401, 78.22148618367038, 81.18470578509564, 78.08578146054425, 86.22066756836193, 67.414343786295, 81.55950262206885, 73.26673118951567, 79.37611778002007, 81.34008368636384, 89.73577235772359, 55.66202090592334], [68.11003277784421, 72.93152195418332, 72.95431600699625, 74.56281163115756, 68.11304767647017, 74.69739842463812, 63.36382250948036, 71.99746395628569, 70.05294548184017, 71.82876572199132, 79.37611778002007, 71.66716589190801, 73.24357888624384, 74.32102898807278, 63.721423055510655], [70.03707883206056, 62.752927859968565, 73.90857126181311, 67.83161215825108, 68.48481256276195, 68.48855659668457, 63.46141041226611, 74.2122788290047, 66.73531558275505, 71.31066534711654, 81.34008368636384, 73.24357888624384, 69.56020595091915, 81.9517815604687, 69.38893313331026], [73.33241226602873, 69.13712241078186, 89.36515753042698, 82.60832698331515, 75.0551264973536, 69.81298694844764, 72.28347388594845, 73.70242208368387, 67.91957664069528, 71.31334896951618, 89.73577235772359, 74.32102898807278, 81.9517815604687, 76.2757258481722, 63.354805052818584], [71.86231085637607, 70.58332498621134, 71.42857142857143, 72.44096206420409, 69.6927139118321, 66.84429714319413, 62.811634561364485, 63.721423055510655, 67.931257737903, 71.1544063943803, 55.66202090592334, 63.721423055510655, 69.38893313331026, 63.354805052818584, 71.86231085637607]]}}, "Casual": {"treemap": {"Tag_List": ["Indie", "Singleplayer", "Adventure", "2D", "Action", "Puzzle", "Colorful", "Simulation", "Cute", "Strategy", "Relaxing", "3D", "Family Friendly", "Atmospheric", "Arcade", "Funny", "Pixel Graphics", "RPG", "Exploration", "Story Rich", "Fantasy", "First-Person", "Minimalist", "Stylized", "Cartoony", "Anime", "Early Access", "Multiplayer", "Platformer", "Point & Click"], "Game_Count": [21323, 20741, 12614, 12501, 11473, 9378, 8300, 8272, 7932, 7772, 7095, 7024, 6321, 6156, 6111, 5202, 4885, 4473, 4453, 4331, 4079, 3643, 3632, 3605, 3575, 3532, 3485, 3387, 3302, 3232], "Estimated_Income_Median": [27900.0, 29900.000000000004, 37400.0, 29900.000000000004, 29900.000000000004, 29900.000000000004, 29900.000000000004, 34650.0, 29900.000000000004, 29900.000000000004, 25400.0, 29900.000000000004, 29900.000000000004, 29900.000000000004, 27900.0, 29900.000000000004, 26250.0, 39900.0, 39900.0, 49900.0, 39900.0, 39900.0, 19900.0, 29900.000000000004, 29900.000000000004, 39900.0, 49900.0, 39900.0, 24900.000000000004, 32650.0]}, "heatmap": {"tags": ["Indie", "Singleplayer", "Adventure", "2D", "Action", "Puzzle", "Colorful", "Simulation", "Cute", "Strategy", "Relaxing", "3D", "Family Friendly", "Atmospheric", "Arcade"], "matrix": [[75.97564410708151, 78.62690910016273, 74.17158928893224, 80.61257750033086, 74.90234226949977, 80.40937714557346, 81.71955183842995, 72.08060140693266, 81.77199615623162, 74.65272043237738, 80.16764445056873, 77.4769461269885, 80.91576558648012, 78.21776305845128, 78.91526406954608], [78.62690910016273, 78.22699901018532, 77.00141066535345, 80.23687125769636, 77.80032269995148, 80.51776957964292, 81.35621235892056, 74.33699579010953, 81.71867522410967, 76.87921757728078, 79.89273768857518, 76.43058107347346, 80.58392824802372, 78.40288976103697, 79.18874390037028], [74.17158928893224, 77.00141066535345, 75.1827137621075, 79.075472955732, 72.82036300446501, 77.34062455784206, 79.3067668354911, 70.58214877881443, 80.60633225643564, 71.95847295600066, 78.65061481488524, 74.5549341572912, 79.26706780821637, 77.01701070343515, 75.90632808081303], [80.61257750033086, 80.23687125769636, 79.075472955732, 80.09602154158011, 81.29376204012662, 80.91522966256086, 82.43394242196706, 75.72687837817399, 81.68200094968827, 77.42229126396657, 80.3815312763241, 80.29386295514222, 81.0798169585521, 80.32626675110349, 81.31067735595158], [74.90234226949977, 77.80032269995148, 72.82036300446501, 81.29376204012662, 75.45663895058239, 78.62892419008423, 81.22686017706788, 69.69741242890373, 81.88013144888005, 71.86921694331046, 79.08055482532974, 74.89903833696455, 80.7924033126086, 75.43859163300644, 79.81383961248733], [80.40937714557346, 80.51776957964292, 77.34062455784206, 80.91522966256086, 78.62892419008423, 79.7885792176828, 82.31028231633739, 75.38097107751595, 81.77040102583473, 79.71925768913529, 81.98681241224062, 79.98693487063443, 81.35090675856686, 80.30993726015485, 79.69757143987634], [81.71955183842995, 81.35621235892056, 79.3067668354911, 82.43394242196706, 81.22686017706788, 82.31028231633739, 80.84469742148971, 75.64191792515717, 81.88217477478013, 78.93055846293728, 81.99041812813367, 79.14813962656362, 82.2690272238166, 80.45694572554585, 81.10775499643007], [72.08060140693266, 74.33699579010953, 70.58214877881443, 75.72687837817399, 69.69741242890373, 75.38097107751595, 75.64191792515717, 72.19364546376737, 76.9859530682806, 69.77152092630487, 75.24468793393072, 73.00130810894346, 74.69882626775193, 73.91891640017668, 73.82393043346605], [81.77199615623162, 81.71867522410967, 80.60633225643564, 81.68200094968827, 81.88013144888005, 81.77040102583473, 81.88217477478013, 76.9859530682806, 81.29588277315992, 78.6366348191963, 81.85258577605178, 79.78509197837236, 82.74096505310976, 80.94113616381007, 80.83220114482481], [74.65272043237738, 76.87921757728078, 71.95847295600066, 77.42229126396657, 71.86921694331046, 79.71925768913529, 78.93055846293728, 69.77152092630487, 78.6366348191963, 74.43418407222146, 77.81228274987077, 74.68113498215632, 77.88180913054967, 75.08588448176582, 75.87531777245299], [80.16764445056873, 79.89273768857518, 78.65061481488524, 80.3815312763241, 79.08055482532974, 81.98681241224062, 81.99041812813367, 75.24468793393072, 81.85258577605178, 77.81228274987077, 79.70593442988334, 78.36952631034889, 80.67254088311091, 81.2714040887587, 79.42993622659482], [77.4769461269885, 76.43058107347346, 74.5549341572912, 80.29386295514222, 74.89903833696455, 79.98693487063443, 79.14813962656362, 73.00130810894346, 79.78509197837236, 74.68113498215632, 78.36952631034889, 75.89603984965207, 79.86645429998794, 76.42425871017018, 76.99449815892679], [80.91576558648012, 80.58392824802372, 79.26706780821637, 81.0798169585521, 80.7924033126086, 81.35090675856686, 82.2690272238166, 74.69882626775193, 82.74096505310976, 77.88180913054967, 80.67254088311091, 79.86645429998794, 80.37090352177401, 79.80667295456384, 80.97535883795433], [78.21776305845128, 78.40288976103697, 77.01701070343515, 80.32626675110349, 75.43859163300644, 80.30993726015485, 80.45694572554585, 73.91891640017668, 80.94113616381007, 75.08588448176582, 81.2714040887587, 76.42425871017018, 79.80667295456384, 78.27668984190741, 76.66714902360188], [78.91526406954608, 79.18874390037028, 75.90632808081303, 81.31067735595158, 79.81383961248733, 79.69757143987634, 81.10775499643007, 73.82393043346605, 80.83220114482481, 75.87531777245299, 79.42993622659482, 76.99449815892679, 80.97535883795433, 76.66714902360188, 78.77890483847041]]}}, "Design & Illustration": {"treemap": {"Tag_List": ["Utilities", "Animation & Modeling", "Software", "Game Development", "Education", "Photo Editing", "Video Production", "Early Access", "Indie", "VR", "Software Training", "Web Publishing", "Casual", "Singleplayer", "Simulation", "Pixel Graphics", "Audio Production", "Anime", "2D", "3D", "Sandbox", "Beautiful", "Family Friendly", "Atmospheric", "Relaxing", "RPG", "Colorful", "Action", "Building", "Cute"], "Game_Count": [290, 276, 172, 169, 123, 120, 97, 79, 78, 76, 73, 64, 57, 57, 51, 49, 47, 46, 41, 34, 33, 29, 27, 26, 26, 25, 22, 21, 21, 21], "Estimated_Income_Median": [67275.0, 74900.0, 97450.0, 99900.0, 49900.0, 79900.0, 79900.0, 49900.0, 44900.0, 0.0, 79900.0, 88200.0, 29900.000000000004, 209900.0, 74900.0, 99900.0, 49900.0, 79525.0, 99900.0, 125900.0, 89900.0, 209900.0, 119900.0, 54900.0, 45275.0, 125900.0, 82400.0, 209900.0, 74900.0, 31900.0]}, "heatmap": {"tags": ["Utilities", "Animation & Modeling", "Software", "Game Development", "Education", "Photo Editing", "Video Production", "Early Access", "Indie", "VR", "Software Training", "Web Publishing", "Casual", "Singleplayer", "Simulation"], "matrix": [[71.27083000045305, 70.64563951211233, 77.03148005245887, 73.15755946268344, 69.40845440685, 75.22226554667554, 73.14585590059919, 65.47991681609176, 79.64300616081883, 76.15434999436127, 68.64900325340118, 66.85079011990442, 74.19318553266481, 70.45997552589459, 78.3726885732906], [70.64563951211233, 72.0923846372375, 76.36388608288176, 74.54834553591037, 71.74134680582802, 72.42381580427907, 72.40412630377891, 67.35072892722609, 77.05807999528659, 76.2727064816835, 69.9788001599637, 66.81443343619252, 71.5560645019841, 70.08701924062785, 73.90531059112385], [77.03148005245887, 76.36388608288176, 77.30049167351673, 78.68232720843635, 74.15253702362, 80.32443957903659, 78.18348738063489, 75.61554354563849, 82.84895751919632, 81.78808632561254, 68.30384973429835, 74.92509617706395, 78.60522579682511, 74.31536210115463, 71.55802374636872], [73.15755946268344, 74.54834553591037, 78.68232720843635, 73.83362021540201, 74.160087786975, 74.96488582642847, 75.93503060986133, 74.08863148809985, 80.40593183550394, 78.63840373957974, 67.69723523248975, 71.10736213370677, 71.64639842416975, 72.15250494212655, 81.16115851170333], [69.40845440685, 71.74134680582802, 74.15253702362, 74.160087786975, 72.26275986912421, 70.9343267083434, 71.32833075982775, 74.09944585970133, 77.92241495635103, 77.32654133984995, 67.67293476192373, 65.90219776946346, 80.22870259917599, 76.75793025870287, 76.12873598457367], [75.22226554667554, 72.42381580427907, 80.32443957903659, 74.96488582642847, 70.9343267083434, 73.63701826353277, 70.95426656282491, 72.61500726046621, 78.27620007376629, 80.84567363530778, 66.9783064985275, 68.68902034223181, 73.39606041432414, 70.97189102385907, 93.02838827838828], [73.14585590059919, 72.40412630377891, 78.18348738063489, 75.93503060986133, 71.32833075982775, 70.95426656282491, 74.02932093868858, 62.67234919274786, 74.35237481822139, 76.8825767139659, 69.94493110490707, 68.40415648429335, 69.80762141405832, 69.61523037317785, 82.80937699076287], [65.47991681609176, 67.35072892722609, 75.61554354563849, 74.08863148809985, 74.09944585970133, 72.61500726046621, 62.67234919274786, 66.97133704896386, 74.41601940893027, 72.00646999645262, 64.47887142128266, 62.412983171183434, 76.07715611621806, 68.1219695276323, 71.25437121643716], [79.64300616081883, 77.05807999528659, 82.84895751919632, 80.40593183550394, 77.92241495635103, 78.27620007376629, 74.35237481822139, 74.41601940893027, 80.2630721584561, 76.86571796795754, 76.82290084993457, 74.22951595801406, 75.7396832299475, 80.01531497222761, 83.25241680491605], [76.15434999436127, 76.2727064816835, 81.78808632561254, 78.63840373957974, 77.32654133984995, 80.84567363530778, 76.8825767139659, 72.00646999645262, 76.86571796795754, 74.53059195421022, 76.13590460080611, 62.98726045296167, 85.34507303140845, 82.28012311064249, 74.55583000503216], [68.64900325340118, 69.9788001599637, 68.30384973429835, 67.69723523248975, 67.67293476192373, 66.9783064985275, 69.94493110490707, 64.47887142128266, 76.82290084993457, 76.13590460080611, 69.43265052542023, 59.21501326017312, 72.31481780794856, 70.78080593956722, 75.32236071162245], [66.85079011990442, 66.81443343619252, 74.92509617706395, 71.10736213370677, 65.90219776946346, 68.68902034223181, 68.40415648429335, 62.412983171183434, 74.22951595801406, 62.98726045296167, 59.21501326017312, 70.33602433312286, 69.64139293206213, 76.88548149006938, 73.51371305463437], [74.19318553266481, 71.5560645019841, 78.60522579682511, 71.64639842416975, 80.22870259917599, 73.39606041432414, 69.80762141405832, 76.07715611621806, 75.7396832299475, 85.34507303140845, 72.31481780794856, 69.64139293206213, 76.7714